AGO       -33.15111      289.33356        733.301     
                0.0           10.0                    
              360.0           10.0                    
AGO3      -33.15111      289.33356        733.301     
                0.0           10.0                    
              360.0           10.0                    
AGO4      -33.15111      289.33356        733.301     
                0.0           10.0                    
              360.0           10.0                    
AGO8      -33.15111      289.33356        733.301     
                0.0           10.0                    
              360.0           10.0                    
AG33      -33.15111      289.33356        733.301     
                0.0           10.0                    
              360.0           10.0                    
APL       39.167485       283.1015      146.42592     
                0.0           10.0                    
               65.0           10.0                    
               66.0          10.02                    
               67.0          10.31                    
               68.0          10.56                    
               69.0          10.76                    
               70.0          10.92                    
               71.0          11.04                    
               72.0          11.12                    
               73.0          11.16                    
               74.0          11.15                    
               75.0           11.1                    
               76.0           11.0                    
               77.0          10.85                    
               78.0          10.66                    
               79.0          10.41                    
               80.0          10.11                    
               81.0          10.01                    
               82.0          10.94                    
               83.0          11.68                    
               84.0          12.29                    
               85.0          12.77                    
               86.0          13.15                    
               87.0          13.44                    
               88.0          13.64                    
               89.0          13.76                    
               90.0           13.8                    
               91.0          13.76                    
               92.0          13.64                    
               93.0          13.44                    
               94.0          13.15                    
               95.0          12.77                    
               96.0          12.29                    
               97.0          11.68                    
               98.0          10.94                    
               99.0          10.01                    
              100.0          10.11                    
              101.0          10.41                    
              102.0          10.66                    
              103.0          10.85                    
              104.0           11.0                    
              105.0           11.1                    
              106.0          11.15                    
              107.0          11.16                    
              108.0          11.12                    
              109.0          11.04                    
              110.0          10.92                    
              111.0          10.76                    
              112.0          10.56                    
              113.0          10.31                    
              114.0          10.02                    
              115.0           10.0                    
              245.0           10.0                    
              246.0          10.02                    
              247.0          10.31                    
              248.0          10.56                    
              249.0          10.76                    
              250.0          10.92                    
              251.0          11.04                    
              252.0          11.12                    
              253.0          11.16                    
              254.0          11.15                    
              255.0           11.1                    
              256.0           11.0                    
              257.0          10.85                    
              258.0          10.66                    
              259.0          10.41                    
              260.0          10.11                    
              261.0          10.01                    
              262.0          10.94                    
              263.0          11.68                    
              264.0          12.29                    
              265.0          12.77                    
              266.0          13.15                    
              267.0          13.44                    
              268.0          13.64                    
              269.0          13.76                    
              270.0           13.8                    
              271.0          13.76                    
              272.0          13.64                    
              273.0          13.44                    
              274.0          13.15                    
              275.0          12.77                    
              276.0          12.29                    
              277.0          11.68                    
              278.0          10.94                    
              279.0          10.01                    
              280.0          10.11                    
              281.0          10.41                    
              282.0          10.66                    
              283.0          10.85                    
              284.0           11.0                    
              285.0           11.1                    
              286.0          11.15                    
              287.0          11.16                    
              288.0          11.12                    
              289.0          11.04                    
              290.0          10.92                    
              291.0          10.76                    
              292.0          10.56                    
              293.0          10.31                    
              294.0          10.02                    
              295.0           10.0                    
              360.0           10.0                    
ASF1      64.858705      212.14239          206.9     
                0.0           10.0                    
              360.0           10.0                    
ASF2      64.859911     212.152708          233.1     
                0.0           10.0                    
              360.0           10.0                    
ASF3      64.858705      212.14239          206.9     
                0.0           10.0                    
              360.0           10.0                    
ASKa      64.858705      212.14239          206.9     
                0.0           10.0                    
              360.0           10.0                    
ATFS    -29.0449400    115.3512659         247.36     
                0.0           10.0                    
              360.0           10.0                    
BGS          37.879        237.757        357.034     
                0.0           25.5                    
                5.0           29.6                    
                7.5           30.5                    
               10.0           31.4                    
               15.0           31.4                    
               17.5           31.2                    
               20.0           30.5                    
               22.5           29.7                    
               25.0           29.2                    
               27.5           28.0                    
               30.0           27.1                    
               32.5           27.7                    
               35.0           29.3                    
               37.5           30.1                    
               40.0           30.8                    
               45.0           30.0                    
               47.5           29.3                    
               50.0           28.2                    
               55.0           27.0                    
               57.5           25.7                    
               60.0           24.0                    
               62.5           20.6                    
               65.0           15.3                    
               67.5           11.1                    
               70.0           10.5                    
               72.5           11.0                    
               75.0           10.0                    
              306.0           10.0                    
              308.0         11.833                    
              310.0         13.667                    
              312.0           15.0                    
              314.0          15.75                    
              316.0          16.25                    
              318.0         16.333                    
              320.0          16.25                    
              322.0         15.667                    
              324.0         14.583                    
              326.0           13.0                    
              328.0         11.667                    
              330.0         11.083                    
              332.0          11.25                    
              334.0         11.917                    
              336.0         12.583                    
              338.0           13.0                    
              340.0         13.167                    
              342.0         13.333                    
              344.0           13.5                    
              346.0         13.417                    
              348.0         13.083                    
              350.0           13.0                    
              352.0         13.417                    
              354.0         14.083                    
              356.0           15.0                    
              358.0          16.25                    
              360.0           25.5                    
DGI       -7.536697      72.369999        -68.375     
                0.0           10.0                    
              360.0           10.0                    
DS24        35.2403       243.1128        952.156     
                0.0           10.0                    
              360.0           10.0                    
DS34       -35.2169       148.9819        692.750     
                0.0           10.0                    
               65.0           10.0                    
               68.0           11.0                    
               73.0           10.0                    
              360.0           10.0                    
CAN        -35.2169       148.9819        692.750     
                0.0           10.0                    
               65.0           10.0                    
               68.0           11.0                    
               73.0           10.0                    
              360.0           10.0                    
DS54        40.2372       355.7486        837.696     
                0.0           10.0                    
              349.0           10.0                    
              351.0           12.0                    
              355.0           11.0                    
              360.0           10.0                    
GLC         64.8587       212.1424        190.235     
                0.0           10.0                    
              360.0           10.0                    
HBK     -25.8869335     27.7074498       1564.621     
                0.0           10.0                    
              360.0           10.0                    
HBK2    -25.8864286     27.7074498       1564.621     
                0.0           10.0                    
              360.0           10.0                    
HBK5    -25.8869335     27.7066718       1568.221     
                0.0           10.0                    
              360.0           10.0                    
JH18     39.1673861    283.1012332      146.42592     
                0.0           10.0                    
               65.0           10.0                    
               66.0          10.02                    
               67.0          10.31                    
               68.0          10.56                    
               69.0          10.76                    
               70.0          10.92                    
               71.0          11.04                    
               72.0          11.12                    
               73.0          11.16                    
               74.0          11.15                    
               75.0           11.1                    
               76.0           11.0                    
               77.0          10.85                    
               78.0          10.66                    
               79.0          10.41                    
               80.0          10.11                    
               81.0          10.01                    
               82.0          10.94                    
               83.0          11.68                    
               84.0          12.29                    
               85.0          12.77                    
               86.0          13.15                    
               87.0          13.44                    
               88.0          13.64                    
               89.0          13.76                    
               90.0           13.8                    
               91.0          13.76                    
               92.0          13.64                    
               93.0          13.44                    
               94.0          13.15                    
               95.0          12.77                    
               96.0          12.29                    
               97.0          11.68                    
               98.0          10.94                    
               99.0          10.01                    
              100.0          10.11                    
              101.0          10.41                    
              102.0          10.66                    
              103.0          10.85                    
              104.0           11.0                    
              105.0           11.1                    
              106.0          11.15                    
              107.0          11.16                    
              108.0          11.12                    
              109.0          11.04                    
              110.0          10.92                    
              111.0          10.76                    
              112.0          10.56                    
              113.0          10.31                    
              114.0          10.02                    
              115.0           10.0                    
              245.0           10.0                    
              246.0          10.02                    
              247.0          10.31                    
              248.0          10.56                    
              249.0          10.76                    
              250.0          10.92                    
              251.0          11.04                    
              252.0          11.12                    
              253.0          11.16                    
              254.0          11.15                    
              255.0           11.1                    
              256.0           11.0                    
              257.0          10.85                    
              258.0          10.66                    
              259.0          10.41                    
              260.0          10.11                    
              261.0          10.01                    
              262.0          10.94                    
              263.0          11.68                    
              264.0          12.29                    
              265.0          12.77                    
              266.0          13.15                    
              267.0          13.44                    
              268.0          13.64                    
              269.0          13.76                    
              270.0           13.8                    
              271.0          13.76                    
              272.0          13.64                    
              273.0          13.44                    
              274.0          13.15                    
              275.0          12.77                    
              276.0          12.29                    
              277.0          11.68                    
              278.0          10.94                    
              279.0          10.01                    
              280.0          10.11                    
              281.0          10.41                    
              282.0          10.66                    
              283.0          10.85                    
              284.0           11.0                    
              285.0           11.1                    
              286.0          11.15                    
              287.0          11.16                    
              288.0          11.12                    
              289.0          11.04                    
              290.0          10.92                    
              291.0          10.76                    
              292.0          10.56                    
              293.0          10.31                    
              294.0          10.02                    
              295.0           10.0                    
              360.0           10.0                    
KIR         43.7361       20.96434       402.2999     
                0.0           10.0                    
              360.0           10.0                    
KUS       28.542064      80.642953            0.0     
                0.0           10.0                    
              360.0           10.0                    
LGS        67.85712       263.3775        468.752     
                0.0           10.0                    
              360.0           10.0                    
MAL     -2.99555758      40.194505        -12.314     
                0.0           10.0                    
              360.0           10.0                    
MAUR        -20.345        57.5189            0.0     
                0.0           10.0                    
              360.0           10.0                    
MG1     -77.8391295   166.66708233          153.0     
                0.0           10.0                    
              360.0           10.0                    
MH1        38.19189    276.5611256        224.942     
                0.0           10.0                    
              360.0           10.0                    
PA1      -52.938056     289.142778           20.0     
                0.0           10.0                    
              360.0           10.0                    
PA2      -52.938056     289.142778           20.0     
                0.0           10.0                    
              360.0           10.0                    
PDL       29.066647      80.913022            0.0     
                0.0           10.0                    
              360.0           10.0                    
PF1         65.1178      212.56884         514.65     
                0.0           10.0                    
              360.0           10.0                    
PF2        65.19245      212.55643          518.9     
                0.0           10.0                    
              360.0           10.0                    
SG1     78.23072231    15.38969589        497.335     
                0.0           10.0                    
              360.0           10.0                    
SG2     78.23022167    15.39813814         498.52     
                0.0           10.0                    
              360.0           10.0                    
SG3     78.23157792    15.41116406         501.38     
                0.0           10.0                    
              360.0           10.0                    
SG4     78.23072231    15.38969589        497.335     
                0.0           10.0                    
              360.0           10.0                    
SGKa    78.23072231    15.38969589        497.335     
                0.0           10.0                    
              360.0           10.0                    
SING          1.228        104.177            0.0     
                0.0           10.0                    
               25.0           10.0                    
               26.0           14.0                    
               30.0           14.0                    
               31.0           10.0                    
              121.0           10.0                    
              122.0           11.0                    
              127.0           11.0                    
              128.0           12.0                    
              130.0           12.0                    
              131.0           11.0                    
              140.0           11.0                    
              141.0           10.0                    
              334.0           10.0                    
              335.0           11.0                    
              338.0           11.0                    
              339.0           10.0                    
              360.0           10.0                    
TEL4      28.463611     279.346944         -13.75     
                0.0           10.0                    
              360.0           10.0                    
TR2         -72.017        357.467         1270.0     
                0.0           10.0                    
              360.0           10.0                    
TR3         -72.017        357.467         1270.0     
                0.0           10.0                    
              360.0           10.0                    
TRKa        -72.017        357.467         1270.0     
                0.0           10.0                    
              360.0           10.0                    
USA1     64.8042411    212.4997858        160.580     
                0.0           10.0                    
              360.0           10.0                    
USA2       64.80424      212.49979        153.207     
                0.0           13.0                    
                5.0           10.0                    
              245.0           10.0                    
              250.0           11.0                    
              255.0           12.0                    
              260.0           13.0                    
              265.0           14.0                    
              270.0           15.0                    
              275.0           15.0                    
              280.0           14.0                    
              285.0           13.0                    
              290.0           12.0                    
              295.0           11.0                    
              300.0           10.0                    
              355.0           10.0                    
              360.0           13.0                    
USA3       64.80424      212.49979        153.207     
                0.0           13.0                    
                5.0           10.0                    
              245.0           10.0                    
              250.0           11.0                    
              255.0           12.0                    
              260.0           13.0                    
              265.0           14.0                    
              270.0           15.0                    
              275.0           15.0                    
              280.0           14.0                    
              285.0           13.0                    
              290.0           12.0                    
              295.0           11.0                    
              300.0           10.0                    
              355.0           10.0                    
              360.0           13.0                    
USA4     64.8042411    212.4997858        160.580     
                0.0           10.0                    
              360.0           10.0                    
USA5     64.8042411    212.4997858        160.580     
                0.0           10.0                    
              360.0           10.0                    
USD1    -29.0457722    115.3486777        251.084     
                0.0           10.0                    
              360.0           10.0                    
USH1 19.01395250333 204.3366681888        385.190     
                0.0           10.0                    
              360.0           10.0                    
USH2  19.0137934319 204.3370559083         383.01     
                0.0           10.0                    
              285.0           10.0                    
              290.0           13.0                    
              305.0           13.0                    
              310.0           10.0                    
              360.0           10.0                    
WG05          37.92         284.52          -23.2     
                0.0           10.0                    
              360.0           10.0                    
WG11        37.9249       284.5235        -20.100     
                0.0           10.0                    
              360.0           10.0                    
WHM         47.8812        11.0853         663.37     
                0.0           10.0                    
              360.0           10.0                    
WS1      32.5407549    253.3879005       1456.545     
                0.0           10.0                    
              360.0           10.0                    