7	FGST_R_SN   	02/01/2017	00:00:00.000	 1	3	2	  6914.840122	     0.001257	    25.518000	   210.108000	   162.490000	    95.136000
8	FGST_L_SN   	02/01/2017	00:00:00.000	 1	3	2	  6914.840122	     0.001257	    25.518000	   210.108000	   162.490000	    95.136000
12	NEOWISE_SSA2	04/01/2017	00:00:00.000	 1	3	2	  6865.641200	     0.001363	    97.540000	   118.535000	   117.329000	    55.965000
19	SCaN_HGAK_SN	02/01/2017	00:00:00.000	 1	3	2	  6785.923421	     0.002005	    51.651000	   357.055000	   115.803000	    33.457000
67	SCaN_LGA_SN 	02/01/2017	00:00:00.000	 1	3	2	  6785.923421	     0.002005	    51.651000	   357.055000	   115.803000	    33.457000
92	Suomi_NPP_SN	02/01/2017	00:00:00.000	 1	3	2	  7209.780000	     0.001452	    98.678000	   332.418000	   101.591000	    62.441000
97	iSat        	01/01/2017	00:00:00.000	 1	3	2	  6887.600000	     0.000000	    97.315200	   280.619000	     0.000000	   359.980000
100	AQUA        	02/01/2017	00:00:00.000	 1	3	2	  7068.766916	     0.000570	    98.192000	   335.027000	   241.542000	   203.378000
101	AURA        	02/01/2017	00:00:00.000	 1	3	2	  7074.515552	     0.001056	    98.193000	   337.193000	   146.360000	   269.154000
102	METOP-A     	01/01/2016	00:00:00.000	 1	3	2	  7186.959441	     0.002608	    98.806000	    62.045000	    83.418000	   179.490000
103	SMAP        	02/01/2017	00:00:00.000	 1	3	2	  7050.620000	     0.000784	    98.190000	    41.475000	   348.057000	   122.502000
104	LRO         	04/01/2018	00:00:00.000	 2	3	2	  1850.604880	     0.038116	   106.755000	   319.362000	    32.057000	   358.471000
105	AIM         	02/01/2017	00:00:00.000	 1	3	2	  6898.591000	     0.002137	    97.952000	   204.456000	    75.570000	   174.390000
106	ICESAT-2    	01/01/2018	00:00:00.000	 1	3	2	  6855.924379	     0.000001	    98.200000	     0.000000	     0.000000	     0.000000
107	SORCE       	02/01/2017	00:00:00.000	 1	3	2	  6979.345412	     0.002318	    39.983000	     0.502000	    17.705000	    60.094000
108	EO-1        	01/01/2016	00:00:00.000	 1	3	2	  7046.208114	     0.000747	    97.976000	    47.413000	   319.512000	   121.155000
109	SWIFT       	02/01/2017	00:00:00.000	 1	3	2	  6938.384000	     0.001393	    20.563000	     6.748000	   289.430000	   317.075000
114	SDO         	01/01/2016	00:00:00.000	 1	3	2	 42166.113750	     0.000289	    28.292000	   149.692000	   149.705000	    58.896000
116	SAOCOM-1A   	01/01/2017	00:00:00.000	 1	3	2	  7000.664000	     0.000010	    97.930000	   163.618000	    92.404000	   275.775000
117	SAOCOM-1B   	01/01/2018	00:00:00.000	 1	3	2	  7000.664000	     0.000010	    97.930000	   163.618000	    92.404000	    95.775000
121	OCO-2       	02/01/2017	00:00:00.000	 1	3	2	  7070.870000	     0.000801	    98.192000	   335.150000	   356.936000	   113.445000
122	METOP-B     	04/05/2016	00:00:00.000	 1	3	2	  7193.795899	     0.001756	    98.733000	   155.913000	   115.924000	   193.337000
123	METOP-C     	01/01/2016	00:00:00.000	 1	3	2	  7186.959441	     0.002608	    98.806000	    62.045000	    83.418000	   179.490000
124	NUSTAR      	02/01/2017	00:00:00.000	 1	3	2	  6989.724000	     0.002266	     5.971000	   216.717000	   161.106000	    25.912000
126	CPOD        	10/01/2016	00:00:00.000	 1	3	2	  6887.575000	     0.000010	    97.389000	   347.432000	     0.000000	   359.908000
127	CRYO        	05/01/2015	00:00:00.000	 1	3	2	  6923.157000	     0.002178	    54.920000	    90.512000	   222.617000	    17.977300
128	NISAR       	07/01/2022	00:00:00.000	 1	3	2	  7127.787530	     0.000133	    98.405000	     8.732000	    46.946000	    95.381000
129	ASTRO-1     	01/01/2016	00:00:00.000	 1	3	2	  7056.371027	     0.002359	    98.208000	    84.564000	    84.379000	   249.943000
131	PACE        	07/01/2022	00:00:00.000	 1	3	2	  7058.905000	     0.000573	    98.206000	   113.749000	   146.667000	   238.906000
135	STPSat-5    	06/01/2017	00:00:00.000	 1	3	2	  6878.137000	     0.007269	    90.000000	     0.000000	     0.000000	     0.000000
138	GRACE-FO1   	01/01/2016	00:00:00.000	 1	3	2	  6738.789875	     0.003761	    89.050000	    37.755000	    92.878000	   189.696000
139	GRACE-FO2   	01/01/2016	00:00:00.000	 1	3	2	  6739.115912	     0.003694	    89.051000	    37.821000	    94.280000	   190.450000
151	ICON        	06/15/2017	14:44:21.450	 1	3	2	  6948.880976	     0.000983	    26.901000	   264.926000	    77.645000	   335.741000
155	RESOLVE     	01/01/2016	00:00:00.000	 2	3	2	  1850.604880	     0.038116	   106.755000	   319.362000	    32.057000	   268.471000
156	LANDSAT-8   	02/01/2017	00:00:00.000	 1	3	2	  7070.760000	     0.000774	    98.293000	   104.277000	   186.750000	   243.198000
157	KPLO        	01/01/2016	00:00:00.000	 2	3	2	  1850.604880	     0.038116	   106.755000	   319.362000	    32.057000	   178.471000
159	IRIS        	12/01/2016	00:00:00.000	 1	3	2	  7000.564483	     0.002250	    97.961000	   154.455000	    98.394000	   351.515000
160	COSMIC-1A   	01/01/2016	00:00:00.000	 1	3	2	  7178.722146	     0.003535	    72.060000	   107.524000	   315.830000	   201.029000
161	COSMIC-1B   	01/01/2016	00:00:00.000	 1	3	2	  7180.889858	     0.003115	    71.964000	   244.363000	   313.292000	   228.548000
162	COSMIC-1C   	01/01/2016	00:00:00.000	 1	3	2	  7168.764207	     0.006961	    71.947000	   268.654000	    81.200000	   168.819000
163	COSMIC-1D   	01/01/2016	00:00:00.000	 1	3	2	  7179.539374	     0.005988	    72.018000	   174.957000	   215.397000	   163.031000
164	COSMIC-1E   	01/01/2016	00:00:00.000	 1	3	2	  7180.367975	     0.003061	    71.942000	   269.974000	     5.447000	   160.924000
165	COSMIC-1F   	01/01/2016	00:00:00.000	 1	3	2	  7167.245664	     0.004394	    71.945000	   194.777000	    12.657000	   281.736000
166	RBSP_A      	01/01/2016	00:00:00.000	 1	3	2	 21888.397522	     0.682985	    10.165000	    77.272000	    16.731000	   118.350000
167	RBSP_B      	01/01/2016	00:00:00.000	 1	3	2	 22038.728264	     0.684612	    10.131000	    82.645000	     6.324000	     8.680000
168	GPM_CORE    	02/01/2017	00:00:00.000	 1	3	2	  6778.740643	     0.000549	    65.051000	    22.767000	   340.942000	   240.482000
171	SCISAT-1    	01/01/2016	00:00:00.000	 1	3	2	  7023.251833	     0.001639	    73.970000	   159.902000	    42.817000	   312.227000
173	RHESSI      	01/01/2016	00:00:00.000	 1	3	2	  6871.093701	     0.001924	    38.094000	    50.156000	    62.658000	    50.872000
175	TDRS        	01/01/2016	00:00:00.000	 1	3	2	 42165.346219	     0.000787	    13.494000	    30.227000	   273.843000	   110.022000
176	HST         	02/01/2017	00:00:00.000	 1	3	2	  6924.408533	     0.001345	    28.468000	   186.980000	    53.035000	   324.866000
177	ISS         	02/01/2017	00:00:00.000	 1	3	2	  6785.923421	     0.002005	    51.651000	   357.055000	   115.803000	    33.457000
178	SOLAR-B     	01/01/2016	00:00:00.000	 1	3	2	  7059.423196	     0.003232	    98.158000	     3.582000	    93.766000	   291.721000
179	LANDSAT-7   	02/01/2017	00:00:00.000	 1	3	2	  7072.370000	     0.002296	    98.282000	   104.764000	    66.362000	   176.447000
180	THEMIS_A    	02/01/2017	00:00:00.000	 1	3	2	 46100.860000	     0.844268	     6.513000	   237.294000	    69.292000	   176.523000
181	THEMIS_B    	12/30/2015	20:14:41.000	 2	3	2	 10044.200000	     0.755300	   154.800000	   169.800000	   182.700000	   161.100000
182	THEMIS_C    	12/30/2015	20:14:41.000	 2	3	2	 10547.300000	     0.772500	    21.100000	    63.900000	   246.000000	   165.300000
183	THEMIS_D    	02/01/2017	00:00:00.000	 1	3	2	 42196.070000	     0.826836	     3.145000	   182.267000	   133.335000	    10.761000
184	THEMIS_E    	02/01/2017	00:00:00.000	 1	3	2	 42171.060000	     0.826954	     3.605000	   218.087000	    98.208000	    34.986000
185	SOYUZ       	01/01/2016	00:00:00.000	 1	3	2	  6783.663497	     0.000476	    51.657000	   176.589000	    27.918000	   179.740000
186	GOES        	10/29/2016	00:00:00.000	 1	3	2	 42163.700000	     0.000054	     0.149000	    95.604000	   206.980000	     5.474000
187	FGST        	01/01/2016	00:00:00.000	 1	3	2	  6916.165281	     0.001472	    25.617000	    30.993000	   245.651000	    33.106000
188	TERRA       	02/01/2017	00:00:00.000	 1	3	2	  7086.626827	     0.001069	    98.282000	   108.739000	   112.404000	    74.223000
189	TIMED       	02/01/2017	00:00:00.000	 1	3	2	  6978.180000	     0.000902	    73.998000	   225.877000	   149.762000	   262.439000
190	QUIKSCAT    	01/01/2016	00:00:00.000	 1	3	2	  7181.954681	     0.001490	    98.582000	   191.734000	    89.414000	    65.021000
193	GRACE-1     	01/01/2016	00:00:00.000	 1	3	2	  6738.789875	     0.003761	    89.050000	    37.755000	    92.878000	   189.696000
194	GRACE-2     	01/01/2016	00:00:00.000	 1	3	2	  6739.115912	     0.003694	    89.051000	    37.821000	    94.280000	   190.450000
195	JPSS-1      	01/01/2016	00:00:00.000	 1	3	2	  6777.530488	     0.000350	    34.899000	   215.362000	    80.164000	   177.867000
