1	ISS_SN      	02/01/2017	00:00:00.000	 1	3	2	  6785.923421	     0.002005	    51.651000	   357.055000	   115.803000	    33.457000	177
2	GPM_Core_SN 	02/01/2017	00:00:00.000	 1	3	2	  6778.740643	     0.000549	    65.051000	    22.767000	   340.942000	   240.482000	168
3	Aqua_SN     	02/01/2017	00:00:00.000	 1	3	2	  7068.766916	     0.000570	    98.192000	   335.027000	   241.542000	   203.378000	100
4	ICON_SN     	06/15/2017	14:44:21.450	 1	3	2	  6948.880976	     0.000983	    26.901000	   264.926000	    77.645000	   335.741000	151
5	Aura_SN     	02/01/2017	00:00:00.000	 1	3	2	  7074.515552	     0.001056	    98.193000	   337.193000	   146.360000	   269.154000	101
7	FGST_R_SN   	02/01/2017	00:00:00.000	 1	3	2	  6914.840122	     0.001257	    25.518000	   210.108000	   162.490000	    95.136000	7
8	FGST_L_SN   	02/01/2017	00:00:00.000	 1	3	2	  6914.840122	     0.001257	    25.518000	   210.108000	   162.490000	    95.136000	8
9	SORCE_SN    	02/01/2017	00:00:00.000	 1	3	2	  6979.345412	     0.002318	    39.983000	     0.502000	    17.705000	    60.094000	107
10	HST_Sci_SN  	02/01/2017	00:00:00.000	 1	3	2	  6924.408533	     0.001345	    28.468000	   186.980000	    53.035000	   324.866000	176
12	NEOWISE_SSA2	10/01/2013	00:00:00.000	 1	3	2	  6887.401475	     0.001516	    97.445000	   280.471000	   104.215000	   211.202000	12
14	HST_Sci_SNMA	02/01/2017	00:00:00.000	 1	3	2	  6924.408533	     0.001345	    28.468000	   186.980000	    53.035000	   324.866000	176
16	GPM_SNMA    	02/01/2017	00:00:00.000	 1	3	2	  6778.740643	     0.000549	    65.051000	    22.767000	   340.942000	   240.482000	168
17	AURA_SNMA   	02/01/2017	00:00:00.000	 1	3	2	  7074.515552	     0.001056	    98.193000	   337.193000	   146.360000	   269.154000	101
18	Aqua_SNMA   	02/01/2017	00:00:00.000	 1	3	2	  7068.766916	     0.000570	    98.192000	   335.027000	   241.542000	   203.378000	100
19	SCaN_HGAK_SN	02/01/2017	00:00:00.000	 1	3	2	  6785.923421	     0.002005	    51.651000	   357.055000	   115.803000	    33.457000	19
22	Terra_SN    	02/01/2017	00:00:00.000	 1	3	2	  7086.626827	     0.001069	    98.282000	   108.739000	   112.404000	    74.223000	188
23	SCaN_SA_SN  	02/01/2013	00:00:00.000	 1	3	2	  6782.917255	     0.000936	    51.707000	    64.425000	    19.571300	    42.389000	23
26	SCaN_MA_SN  	02/01/2013	00:00:00.000	 1	3	2	  6782.917255	     0.000936	    51.707000	    64.425000	    19.571300	    42.389000	23
27	SCaN_MGAS_SN	02/01/2017	00:00:00.000	 1	3	2	  6785.923421	     0.002005	    51.651000	   357.055000	   115.803000	    33.457000	19
38	ISS_ZOE_SN  	02/01/2017	00:00:00.000	 1	3	2	  6785.923421	     0.002005	    51.651000	   357.055000	   115.803000	    33.457000	177
49	JPSS-2_SN   	09/01/2021	00:00:00.000	 1	3	2	  7211.136000	     0.000000	    98.705000	   181.689000	     0.000000	   180.103000	49
50	JPSS-1_SN   	09/01/2021	00:00:00.000	 1	3	2	  7211.136000	     0.000000	    98.705000	   181.689000	     0.000000	     0.103000	50
67	SCaN_LGA_SN 	02/01/2017	00:00:00.000	 1	3	2	  6785.923421	     0.002005	    51.651000	   357.055000	   115.803000	    33.457000	67
81	VV_SN       	02/01/2017	00:00:00.000	 1	3	2	  6785.923421	     0.002005	    51.651000	   357.055000	   115.803000	    33.457000	177
90	CYGNUS_dock 	02/01/2017	00:00:00.000	 1	3	2	  6785.923421	     0.002005	    51.651000	   357.055000	   115.803000	    33.457000	177
97	iSat        	01/01/2017	00:00:00.000	 1	3	2	  6887.600000	     0.000000	    97.315200	   280.619000	     0.000000	   359.980000	97
100	AQUA        	02/01/2017	00:00:00.000	 1	3	2	  7068.766916	     0.000570	    98.192000	   335.027000	   241.542000	   203.378000	100
101	AURA        	02/01/2017	00:00:00.000	 1	3	2	  7074.515552	     0.001056	    98.193000	   337.193000	   146.360000	   269.154000	101
102	METOP-A     	01/01/2016	00:00:00.000	 1	3	2	  7186.959441	     0.002608	    98.806000	    62.045000	    83.418000	   179.490000	102
103	SMAP        	04/05/2016	00:00:00.000	 1	3	2	  7064.503065	     0.000857	    98.207000	   103.927000	    96.681000	   103.305000	103
104	LRO         	04/01/2018	00:00:00.000	 2	3	2	  1850.604880	     0.038116	   106.755000	   319.362000	    32.057000	   358.471000	104
105	AIM         	01/01/2016	00:00:00.000	 1	3	2	  6917.783033	     0.001184	    97.983000	   150.896000	   110.485000	    93.856000	105
106	ICESAT-2    	01/01/2018	00:00:00.000	 1	3	2	  6855.924379	     0.000001	    98.200000	     0.000000	     0.000000	     0.000000	106
107	SORCE       	02/01/2017	00:00:00.000	 1	3	2	  6979.345412	     0.002318	    39.983000	     0.502000	    17.705000	    60.094000	107
108	EO-1        	01/01/2016	00:00:00.000	 1	3	2	  7046.208114	     0.000747	    97.976000	    47.413000	   319.512000	   121.155000	108
109	SWIFT       	01/01/2016	00:00:00.000	 1	3	2	  6942.316310	     0.002172	    20.472000	   259.536000	    24.443000	    14.390000	109
110	JPSS-2_NOAA 	09/01/2021	00:00:00.000	 1	3	2	  7211.136000	     0.000000	    98.705000	   181.689000	     0.000000	   180.103000	49
111	JPSS-1_NOAA 	09/01/2021	00:00:00.000	 1	3	2	  7211.136000	     0.000000	    98.705000	   181.689000	     0.000000	     0.103000	50
114	SDO         	01/01/2016	00:00:00.000	 1	3	2	 42166.113750	     0.000289	    28.292000	   149.692000	   149.705000	    58.896000	114
116	SAOCOM-1A   	01/01/2017	00:00:00.000	 1	3	2	  7000.664000	     0.000010	    97.930000	   163.618000	    92.404000	   275.775000	116
117	SAOCOM-1B   	01/01/2018	00:00:00.000	 1	3	2	  7000.664000	     0.000010	    97.930000	   163.618000	    92.404000	    95.775000	117
121	OCO-2       	01/01/2016	00:00:00.000	 1	3	2	  7086.843846	     0.001221	    98.139000	   303.852000	    68.412000	   289.731000	121
122	METOP-B     	04/05/2016	00:00:00.000	 1	3	2	  7193.795899	     0.001756	    98.733000	   155.913000	   115.924000	   193.337000	122
123	METOP-C     	01/01/2016	00:00:00.000	 1	3	2	  7186.959441	     0.002608	    98.806000	    62.045000	    83.418000	   179.490000	123
124	NUSTAR      	01/01/2016	00:00:00.000	 1	3	2	  6991.402698	     0.002324	     5.971000	   216.644000	   199.011000	    19.667000	124
126	CPOD        	10/01/2016	00:00:00.000	 1	3	2	  6887.575000	     0.000010	    97.389000	   347.432000	     0.000000	   359.908000	126
127	CRYO        	05/01/2015	00:00:00.000	 1	3	2	  6923.157000	     0.002178	    54.920000	    90.512000	   222.617000	    17.977300	127
128	NISAR       	07/01/2022	00:00:00.000	 1	3	2	  7127.787530	     0.000133	    98.405000	     8.732000	    46.946000	    95.381000	128
129	ASTRO-1     	01/01/2016	00:00:00.000	 1	3	2	  7056.371027	     0.002359	    98.208000	    84.564000	    84.379000	   249.943000	129
130	SCaN_Ka_SN  	02/01/2013	00:00:00.000	 1	3	2	  6782.917255	     0.000936	    51.707000	    64.425000	    19.571300	    42.389000	130
131	PACE        	07/01/2022	00:00:00.000	 1	3	2	  7058.905000	     0.000573	    98.206000	   113.749000	   146.667000	   238.906000	131
135	STPSat-5    	06/01/2017	00:00:00.000	 1	3	2	  6878.137000	     0.007269	    90.000000	     0.000000	     0.000000	     0.000000	135
138	GRACE-FO1   	01/01/2016	00:00:00.000	 1	3	2	  6738.789875	     0.003761	    89.050000	    37.755000	    92.878000	   189.696000	138
139	GRACE-FO2   	01/01/2016	00:00:00.000	 1	3	2	  6739.115912	     0.003694	    89.051000	    37.821000	    94.280000	   190.450000	139
151	ICON        	06/15/2017	14:44:21.450	 1	3	2	  6948.880976	     0.000983	    26.901000	   264.926000	    77.645000	   335.741000	151
155	RESOLVE     	01/01/2016	00:00:00.000	 2	3	2	  1850.604880	     0.038116	   106.755000	   319.362000	    32.057000	   268.471000	155
156	LANDSAT-8   	01/01/2016	00:00:00.000	 1	3	2	  7078.370438	     0.001409	    98.293000	    73.004000	   119.486000	   197.591000	156
157	KPLO        	01/01/2016	00:00:00.000	 2	3	2	  1850.604880	     0.038116	   106.755000	   319.362000	    32.057000	   178.471000	157
159	IRIS        	12/01/2016	00:00:00.000	 1	3	2	  7000.564483	     0.002250	    97.961000	   154.455000	    98.394000	   351.515000	159
160	COSMIC-1A   	01/01/2016	00:00:00.000	 1	3	2	  7178.722146	     0.003535	    72.060000	   107.524000	   315.830000	   201.029000	160
161	COSMIC-1B   	01/01/2016	00:00:00.000	 1	3	2	  7180.889858	     0.003115	    71.964000	   244.363000	   313.292000	   228.548000	161
162	COSMIC-1C   	01/01/2016	00:00:00.000	 1	3	2	  7168.764207	     0.006961	    71.947000	   268.654000	    81.200000	   168.819000	162
163	COSMIC-1D   	01/01/2016	00:00:00.000	 1	3	2	  7179.539374	     0.005988	    72.018000	   174.957000	   215.397000	   163.031000	163
164	COSMIC-1E   	01/01/2016	00:00:00.000	 1	3	2	  7180.367975	     0.003061	    71.942000	   269.974000	     5.447000	   160.924000	164
165	COSMIC-1F   	01/01/2016	00:00:00.000	 1	3	2	  7167.245664	     0.004394	    71.945000	   194.777000	    12.657000	   281.736000	165
166	RBSP_A      	01/01/2016	00:00:00.000	 1	3	2	 21888.397522	     0.682985	    10.165000	    77.272000	    16.731000	   118.350000	166
167	RBSP_B      	01/01/2016	00:00:00.000	 1	3	2	 22038.728264	     0.684612	    10.131000	    82.645000	     6.324000	     8.680000	167
168	GPM_CORE    	02/01/2017	00:00:00.000	 1	3	2	  6778.740643	     0.000549	    65.051000	    22.767000	   340.942000	   240.482000	168
169	SCAN        	02/01/2017	00:00:00.000	 1	3	2	  6785.923421	     0.002005	    51.651000	   357.055000	   115.803000	    33.457000	177
171	SCISAT-1    	01/01/2016	00:00:00.000	 1	3	2	  7023.251833	     0.001639	    73.970000	   159.902000	    42.817000	   312.227000	171
173	RHESSI      	01/01/2016	00:00:00.000	 1	3	2	  6871.093701	     0.001924	    38.094000	    50.156000	    62.658000	    50.872000	173
175	TDRS        	01/01/2016	00:00:00.000	 1	3	2	 42165.346219	     0.000787	    13.494000	    30.227000	   273.843000	   110.022000	175
176	HST         	02/01/2017	00:00:00.000	 1	3	2	  6924.408533	     0.001345	    28.468000	   186.980000	    53.035000	   324.866000	176
177	ISS         	02/01/2017	00:00:00.000	 1	3	2	  6785.923421	     0.002005	    51.651000	   357.055000	   115.803000	    33.457000	177
178	SOLAR-B     	01/01/2016	00:00:00.000	 1	3	2	  7059.423196	     0.003232	    98.158000	     3.582000	    93.766000	   291.721000	178
179	LANDSAT-7   	01/01/2016	00:00:00.000	 1	3	2	  7077.033197	     0.001203	    98.321000	    73.315000	    48.750000	    83.595000	179
180	THEMIS_A    	01/01/2016	00:00:00.000	 1	3	2	 42164.945080	     0.832126	    12.511000	   299.240000	   321.388000	    57.265000	180
181	THEMIS_B    	12/30/2015	20:14:41.000	 2	3	2	 10044.200000	     0.755300	   154.800000	   169.800000	   182.700000	   161.100000	181
182	THEMIS_C    	12/30/2015	20:14:41.000	 2	3	2	 10547.300000	     0.772500	    21.100000	    63.900000	   246.000000	   165.300000	182
183	THEMIS_D    	01/01/2016	00:00:00.000	 1	3	2	 42165.286412	     0.832153	     6.381000	   287.565000	   334.789000	    48.353000	183
184	THEMIS_E    	01/01/2016	00:00:00.000	 1	3	2	 42167.034610	     0.831786	     7.875000	   299.427000	   323.697000	    42.763000	184
185	SOYUZ       	01/01/2016	00:00:00.000	 1	3	2	  6783.663497	     0.000476	    51.657000	   176.589000	    27.918000	   179.740000	185
186	GOES        	10/29/2016	00:00:00.000	 1	3	2	 42163.700000	     0.000054	     0.149000	    95.604000	   206.980000	     5.474000	186
187	FGST        	01/01/2016	00:00:00.000	 1	3	2	  6916.165281	     0.001472	    25.617000	    30.993000	   245.651000	    33.106000	187
188	TERRA       	02/01/2017	00:00:00.000	 1	3	2	  7086.626827	     0.001069	    98.282000	   108.739000	   112.404000	    74.223000	188
189	TIMED       	07/18/2016	16:51:49.826	 1	3	2	  6989.447575	     0.001114	    73.990939	   258.421433	    54.824327	   305.296122	189
190	QUIKSCAT    	01/01/2016	00:00:00.000	 1	3	2	  7181.954681	     0.001490	    98.582000	   191.734000	    89.414000	    65.021000	190
193	GRACE-1     	01/01/2016	00:00:00.000	 1	3	2	  6738.789875	     0.003761	    89.050000	    37.755000	    92.878000	   189.696000	193
194	GRACE-2     	01/01/2016	00:00:00.000	 1	3	2	  6739.115912	     0.003694	    89.051000	    37.821000	    94.280000	   190.450000	194
195	JPSS-1      	01/01/2016	00:00:00.000	 1	3	2	  6777.530488	     0.000350	    34.899000	   215.362000	    80.164000	   177.867000	195